23130
18474
15437
-12105
24675
-16815
24352
2458
6982
21168
22669
-21918
23908
-16766
3655
19678
-11751
-24986
17330
-4225
19498
-17040
1866
23952
-4230
2845
16163
-10506
5789
-20874
13552
-25321
21625
-20696
-10844
-19834
2217
-17628
-11365
9849
-102
-19868
19143
-19138
24960
12320
-18907
-2534
-19453
8881
-21281
-13807
22573
11124
-17520
1826
-21002
8637
-25072
-1830
-1318
-17329
23297
15061
265
7499
-19152
23957
-13355
-20524
539
13869
-3656
4756
-20981
9209
-4957
20951
13955
6199
20614
25112
-9404
10821
5902
-17026
-4970
-18126
-12367
-208
8769
-21693
15658
11735
-5945
-25227
-22155
-973
-11923
-1863
